Epoch Time              Train Loss          Test Loss           AUC                 PRC                 Accuracy            Sensitivity         Specificity         Precision           F1                  MCC                 Max AUC       Total Removed
1	97.52056721225381	0.6777098753826288	0.6717392286541388	0.6102198881535772	0.574345384264628	0.5845336811702226	0.6666418770683821	0.5020543851785447	0.5735308231229406	0.6165910028889806	0.1710392518481532	0.6102198881535772
2	195.12907830253243	0.6592239394100502	0.661203876118366	0.6358317599688645	0.6114797733566458	0.6002608776670083	0.6695050756702488	0.5307037203047961	0.5889953874840524	0.6266750200132261	0.20217813522899514	0.6358317599688645
3	292.92302187904716	0.645996097679734	0.6587967390640022	0.6430640579053459	0.6254697492740013	0.6005031212149445	0.6622541181720151	0.5384730315254743	0.5903997878406153	0.6242661105171841	0.2022938117926659	0.6430640579053459
4	389.6485505849123	0.6356355184735734	0.6715011868353763	0.6454903634492339	0.6301720135783622	0.5981179539737259	0.7857063176291228	0.4096817570596145	0.57210158661396	0.6621022451313707	0.21090358668591064	0.6454903634492339
5	486.36745159327984	0.6284230448035621	0.6645360795390022	0.6506833981676887	0.636079667395071	0.6028510202180192	0.7419774662551594	0.46309577170177796	0.5812747611279422	0.6518678231325852	0.21357490575232796	0.6506833981676887
6	587.2664778176695	0.621892579205721	0.6634404095820475	0.6550916847348226	0.6419213791148392	0.6074722817478804	0.7090692745324062	0.5054161063797998	0.5901887960383783	0.6441903281928282	0.21909852997334528	0.6550916847348226
7	684.6275345701724	0.6152422788761466	0.6569265175369642	0.6653874592266805	0.6507828701663128	0.6139383210658717	0.5809318409995166	0.6470939787838039	0.6231502532806829	0.6013009006235086	0.2285181897105713	0.6653874592266805
8	783.4707092735916	0.6115447170915144	0.6637452242278753	0.6581857593880367	0.6448218159289768	0.6094661324885866	0.6671252742349311	0.5515463917525774	0.59909172872074	0.63128078817734	0.22015920795674418	0.6653874592266805
9	884.3308602124453	0.6061190384259539	0.6572647832859185	0.6665082378274059	0.6533454510066792	0.6182055343333643	0.6477893875729743	0.5884879725085911	0.6125958224910332	0.6297012524624532	0.23670084886405363	0.6665082378274059
